4845
16
1
1
8855
12
3
5
1
1344904
98280
8
2
906192
6724520
1
1
1
1
5
220
2
2660
1
36
14630
1
4845
3
72
1
220
3
3
45
1
1
1
14630
7
969
906192
1
45
1
2
105
1
25240512
1
6
1
101716323
1
2689808
1
364
118030185
4
45
2
65780
4
1
3
5379616
55
8
2
475020
25300
145008513
1
5985
1365
1
560
3060
816
120
78
4
1
91
1
728
1
10626
13449040
105
1
3876
5
364
1
106260
2
1
2
1
708930508
8
2
3060
1
1
1
2
10
1
2
1
13
1
1632
1
1
8855
1
4845
1
156
45
78
1
1
2
816
78
1
6120
1
14
1120
1
2
2
220
45
106260
12
1
2
1
182
1
2
66
455
680
3060
2
1
2380
1
1
1
1
45
9
736281
2
14950
24
1
21
1330
1
55
1
90
15
286
91
13
2
1
220
1
110
1330
1
1140
1365
6
5
342
21
4845
736281
110
736281
2380
21
1
2380
1
364
2
1
3
169911
36
2
10295472
55
36
3
10295472
2
2
906192
3876
2
1
53130
1
2
364
8855
90
1472562
593775
1
1
12
55
1
28
708930508
475020
1
1
10
2
1
1
28
3060
4
10
1
1
1
1
1
1
2
1
78
1
105
9690
1
1
455
736281
1
4
1
67298
2
8855
2
1
1
1
1
120
1
1
1
1
10295472
4
1
1
90
560
1
1
8
1623160
1
118755
1
1
2
5
2380
1
560
142506
969
45
1
2
1
417861009
4
1120
1
969
7
886163135
1
1
24
2
1
455
10626
1
2
1
1
1
8
455
4
21
1
364
1
1
969
171
572
1947792
6
5
2
4
2380
2
6
4845
1
14
18
165
1
1360
1
6120
14
1
2
816
364
1
10
1
28
8
120
5985
220
12
1344904
1
5985
4845
816
1
364
1
1
2
165
21
1
1
2
28
56
42504
3060
1
132
118030185
1
736281
101716323
1
969
4845
1
2
118755
230230
1
1
13449040
2
66
2
2
1
2
1
6120
2
2
105
1
364
3
28
2760681
2
2
3
1
10
1107568
2
1
3
2
55
5
1
4
5985
560
4
80730
1
286
21
5
6
1
7
1
36
2
2
5
1
56
8855
2
1
1
364
85008
1
18643560
455
3080
1
1
2
1
1
9690
2
2
1
105
364
10626
2
2
14950
455
1
10626
120
342
6
4
1140
10
455
2
1
91
10
28
14
203432646
1
1
1
22
2
1
10
2
3876
1820
1
120
364
1
25300
5985
1360
2
56
1
14630
906192
2
2
21
1
1
1365
7
2
78
2
1
1
5985
3
6
11
2
1
2280
455
2
736281
1
21252
286
593775
1
237510
2
28
1
72
20
8
21
1
8855
90
237510
14
2
1
33649
1
90
1
120
296010
1
1
12650
2
1
9
1
18
105
1
1
14
1
4272048
1
1947792
98280
5985
220
5
177232627
17710
66
3
1
182
1
90
2
5985
1
1
132
969
1140
220
2380
55
1360
3060
65780
1
1
593775
1
36
1
1
55
10
1
886163135
455
1
12
886163135
28
1
3060
1
1
1
1
1107568
3
1
236060370
10626
36
3
105
98280
1
10
55
21
6
36
1
1
1
5985
15504
15504
2
969
177232627
95548245
1
196560
12
1
2
5379616
108911240
26334
728
1
1
66
14
67298
286
1
14630
118030185
10626
2380
2
1
3060
1
2
4
736281
725298276
10
1360
969
1
95548245
1
220
45
15
1632
5
16
28
14
5
8
1
56
78
1
1
1107568
1
9690
66
1
1
1
4
21
4
1
65780
1
156
1
66
3876
80730
1
3
118755
28
1
1
1
2
36
728
455
1
2
110
2
2
28
28
1
1
1
1
4
1
10
1
1
1
220
1
1
2
1
1
165
364
285012
1540
78
2
1
2
2
1820
1
1
2
118755
1
2
736281
1
33649
10
3
1
1
14
7
572
56
120
33649
108911240
20349
7
201376
55
177100
1
7315
1
220
1
5
1
136
177100
1
1
2
2
1107568
3
37287120
2
4760
10
2
95548245
72
2
1
1120
37287120
1
1540
14630
431106390
4
1
2
2
1
5
736281
66
12620256
30
10626
1
1
1
17710
4
4
1
1
1
22
1
1
53130
285012
12620256
10626
272
364
1
5
7315
1
1
1
1
1
1
364
21
364
5
108911240
5985
364
17710
1
40698
1
230230
2
10
3060
12620256
17710
1
15
1
7
8347680
1
5985
15
1
8855
237510
1
1
52668
2
35100
1
105
220
42
7
1
14630
364
5
1
1
364
6
2
4
1
2
1947792
12
1
1
1
1
1
1
286
1
1623160
14950
906192
816
1
1
80730
1
6
15
28
8855
3
2
9
2
26334
1
20349
25240512
20475
14
2
1
1
2
15504
10
3
1
22
1
15504
286
3
11970
4
2380
1
8
560
1947792
12
2
1
1
16
2
5985
1
1120
36
285012
286
182
1
1
66
1
364
1
2
4845
52668
2
1
1
17710
2
1
2
1
2380
1
1
21
55
6
7
1
28
2380
1623160
3
1
3
816
2
1365
136
2380
1
1
3
